header: 
  seq: 15
  stamp: 
    secs: 1528481261
    nsecs: 870458419
  frame_id: "map"
info: 
  map_load_time: 
    secs: 1528481261
    nsecs: 870458419
  resolution: 0.0500000007451
  width: 10
  height: 9
  origin: 
    position: 
      x: -3.2
      y: -2.68509407043
      z: 0.0
    orientation: 
      x: 0.0
      y: 0.0
      z: 0.0
      w: 1.0
data: [-1, -1, -1, -1, -1, -1, -1, -1, -1, -1, -1, 99, 99, 99, 99, 99, 99, 99, 99, -1, -1, 99, 0, 0, 0, 0, 0, 0, 99, -1, -1, 99, 0, 0, 0, 0, 0, 0, 99, -1, -1, 99, 0, 0, 0, 0, 0, 0, 99, -1, -1, 99, 0, 0, 0, 0, 0, 0, 99, -1, -1, 99, 0, 0, 0, 0, 0, 0, 99, -1, -1, 99, 99, 99, 99, 99, 99, 99, 99, -1, -1, -1, -1, -1, -1, -1, -1, -1, -1, -1]




