header: 
  seq: 15
  stamp: 
    secs: 1528481261
    nsecs: 870458419
  frame_id: "map"
info: 
  map_load_time: 
    secs: 1528481261
    nsecs: 870458419
  resolution: 0.0500000007451
  width: 10
  height: 9
  origin: 
    position: 
      x: -3.2
      y: -2.68509407043
      z: 0.0
    orientation: 
      x: 0.0
      y: 0.0
      z: 0.0
      w: 1.0
data: [50, 50, -1, -1,  -1, -1, 50, 50, 53, 50, -1, -1, 50, 49, 50, -1, 50, 49, 49, 50, 1, 50, 49, 50, 50, 50, 51, 56, 55, 55, 57, 58, 61, 62, 65, 68, 74, 76, 82, 87, 89, 91, 92, 91, 88, 79, 67, 57, 52, 50, 52, 51, 50, -1, 64, 82, 29, 0, 0, 0, 0, 0, 0, 0, 0, 0, 0, 0, 0, 0, 0, 0, 0, 87, 97, 95, 83, 69, 63, 70, 84, 69, 54, 49, 49, -1, 49, 49, 49, -1]