header: 
  seq: 15
  stamp: 
    secs: 1528481261
    nsecs: 870458419
  frame_id: "map"
info: 
  map_load_time: 
    secs: 1528481261
    nsecs: 870458419
  resolution: 0.0500000007451
  width: 8
  height: 7
  origin: 
    position: 
      x: -3.2
      y: -2.68509407043
      z: 0.0
    orientation: 
      x: 0.0
      y: 0.0
      z: 0.0
      w: 1.0
data: [-1, -1, -1, -1, -1, -1, -1, -1, -1, 99, 77, 10, 10, 10, 99, -1, -1, 99, 77, 10, 10, 88, 99, -1, -1, 99, 68, 22, 52, 10, 99, -1, -1, 99, 12, 10, 21, 10, 99, -1, -1, 99, 37, 10, 31, 10, 99, -1, -1, -1, -1, -1, -1, -1, -1, -1]



